  2.7800000e-003
  6.8800000e-003
  4.7600000e-003
  5.9300000e-003
  1.0420000e-002
  1.7600000e-003
  1.9340000e-002
  2.8000000e-003
  7.0200000e-003
  1.4760000e-002
  1.1440000e-002
  4.8100000e-003
  1.9900000e-003
  7.7300000e-003
  4.2000000e-004
  4.7400000e-003
  6.9700000e-003
  6.5900000e-003
  8.4500000e-003
  3.6200000e-003
  6.1100000e-003
  8.3800000e-003
  1.4640000e-002
  6.1100000e-003
  1.7000000e-003
  2.0400000e-003
  1.6400000e-003
  1.6400000e-003
  1.0400000e-003
  2.7000000e-004
  3.8700000e-003
  3.0600000e-003
  1.2900000e-003
  3.0900000e-003
  2.6200000e-003
  1.0200000e-003
  2.8700000e-003
  2.0170000e-002
  2.6700000e-003
  1.0400000e-002
  3.1300000e-003
  2.8500000e-003
  5.3400000e-003
  1.4500000e-003
  3.4500000e-003
  7.5200000e-003
  8.1300000e-003
  4.9200000e-003
  2.3300000e-003
  7.0100000e-003
  3.6100000e-003
  5.9700000e-003
  1.1930000e-002
  2.2700000e-003
  1.8980000e-002
  2.7200000e-003
  5.0000000e-003
  8.3600000e-003
  6.2800000e-003
  3.1300000e-003
  2.2900000e-003
  1.5840000e-002
  2.0600000e-003
  8.9200000e-003
  5.3500000e-003
  3.3200000e-003
  5.7800000e-003
  2.2900000e-003
  3.3300000e-003
  6.0700000e-003
  8.7500000e-003
  4.2800000e-003
  1.2700000e-003
  4.5700000e-003
  2.5300000e-003
  2.9300000e-003
  8.8100000e-003
  5.2000000e-004
  1.0080000e-002
  2.0500000e-003
  4.5200000e-003
  1.0090000e-002
  7.7500000e-003
  3.2700000e-003
  1.4900000e-003
  2.5000000e-003
  2.2000000e-003
  2.2600000e-003
  2.2000000e-003
  4.0900000e-003
  1.2700000e-003
  1.5300000e-003
  2.8800000e-003
  4.3100000e-003
  1.8600000e-003
  9.1000000e-004
  2.2300000e-003
  1.4800000e-003
  1.6200000e-003
  1.7000000e-004
  5.3000000e-004
  6.8000000e-004
  1.2900000e-003
  2.3500000e-003
  1.3500000e-003
  7.2000000e-004
  1.9600000e-003
  8.6400000e-003
  1.3200000e-003
  5.5400000e-003
  3.3300000e-003
  2.6700000e-003
  4.2400000e-003
  1.1900000e-003
  3.7200000e-003
  6.4500000e-003
  7.7700000e-003
  3.6000000e-003
  3.2700000e-003
  7.2900000e-003
  3.5700000e-003
  6.0100000e-003
  9.0800000e-003
  2.0400000e-003
  1.2870000e-002
  2.1600000e-003
  4.4000000e-003
  6.2600000e-003
  6.1000000e-003
  2.8400000e-003
  1.8400000e-003
  1.4280000e-002
  1.9400000e-003
  8.9500000e-003
  7.5300000e-003
  3.8400000e-003
  8.7100000e-003
  2.8200000e-003
  2.9400000e-003
  6.6200000e-003
  9.0500000e-003
  4.4000000e-003
  9.8000000e-004
  3.2000000e-003
  1.6900000e-003
  2.0700000e-003
  9.7500000e-003
  1.3800000e-003
  1.1890000e-002
  2.1900000e-003
  3.1800000e-003
  6.2600000e-003
  5.8000000e-003
  1.8900000e-003
  1.1700000e-003
  1.2000000e-003
  7.0000000e-005
  4.8000000e-004
  8.3000000e-004
  1.2300000e-003
  1.3800000e-003
  5.0000000e-004
  8.2000000e-004
  1.5800000e-003
  1.9600000e-003
  9.6000000e-004
  2.0000000e-003
  4.7200000e-003
  2.8500000e-003
  3.2600000e-003
  3.2100000e-003
  6.5700000e-003
  2.2600000e-003
  3.6000000e-003
  8.3300000e-003
  4.4800000e-003
  2.4500000e-003
  2.9200000e-003
  1.9120000e-002
  2.3100000e-003
  1.2170000e-002
  4.2200000e-003
  3.3100000e-003
  5.2900000e-003
  1.7900000e-003
  4.1700000e-003
  8.2200000e-003
  1.0600000e-002
  7.1900000e-003
  1.5000000e-003
  4.3000000e-003
  2.8800000e-003
  3.6300000e-003
  1.0260000e-002
  1.5500000e-003
  9.7400000e-003
  1.9400000e-003
  3.7200000e-003
  5.9200000e-003
  4.3200000e-003
  2.1400000e-003
  2.1400000e-003
  1.6230000e-002
  3.2800000e-003
  7.0200000e-003
  5.4200000e-003
  3.3500000e-003
  5.0800000e-003
  2.3000000e-003
  2.3400000e-003
  5.8100000e-003
  6.8500000e-003
  2.7300000e-003
