6.931618548777987776e+00
6.855648933861174577e+00
6.776206474460271245e+00
6.703329156482954687e+00
6.635559420208948289e+00
6.556746079626663004e+00
6.470484249434915291e+00
6.404895398299712106e+00
6.342254074920795404e+00
6.253082309542449480e+00
6.176132808166055810e+00
6.112015326728634790e+00
6.018482956404842987e+00
5.950915476671386095e+00
5.852466841518054075e+00
5.770889080828616180e+00
5.677642901413593179e+00
5.604306114941132400e+00
5.512532182571970196e+00
5.457665336608755524e+00
5.378632368539139286e+00
5.317034055439602724e+00
5.247196352081679116e+00
5.207085244690773607e+00
5.137691474597183117e+00
5.056861378694557985e+00
4.988108813757353488e+00
4.905456151043389390e+00
4.826770288706533130e+00
4.775347772287908299e+00
4.697993652202743675e+00
4.658970122577751560e+00
4.588771631517869487e+00
4.539837318985699532e+00
4.488181041487909972e+00
4.407824537625866235e+00
4.314748949757519547e+00
4.250204715215545548e+00
4.163612712722148501e+00
4.100893398157304581e+00
4.021744209180802443e+00
3.941681581420664049e+00
3.874569494345801779e+00
3.812992603418670079e+00
3.749716259371483673e+00
3.677541212781964219e+00
3.621005598161778583e+00
3.543371453636888546e+00
3.467920934283057921e+00
3.411922088420189070e+00
3.353768860764965609e+00
3.289841491626917414e+00
3.225595509516102855e+00
3.171181520460710335e+00
3.107364765506172688e+00
3.047537649220604106e+00
2.984466960425287141e+00
2.926395734844408292e+00
2.886036017653196950e+00
2.833125133448189725e+00
2.779541838550146249e+00
2.729244422833495332e+00
2.657740939496843868e+00
2.598694108626878219e+00
2.526775993688357591e+00
2.474155501480674424e+00
2.452089143994761411e+00
2.408388631530655744e+00
2.341259224744842271e+00
2.298190933648715184e+00
2.260381023029622405e+00
2.218421847136689884e+00
2.173105322140989060e+00
2.156791320718484783e+00
2.126668233634989580e+00
2.103579259315091488e+00
2.086853229839336965e+00
2.052182949206859952e+00
2.007222637113577068e+00
1.994070579868093551e+00
1.960492736768634003e+00
1.934046463474992317e+00
1.895052092799197174e+00
1.851467319190961414e+00
1.843061423425782275e+00
1.802871500403288252e+00
1.800607951106138360e+00
1.750510388146012231e+00
1.722985315394205630e+00
1.716948139039036425e+00
1.705934288999317872e+00
1.680153881798146953e+00
1.643962396398602088e+00
1.623444867375864353e+00
1.585405205070833601e+00
1.570025379629035767e+00
1.534938119731764861e+00
1.503956148544707938e+00
